688784293
841937358
644484854
1062646727
539289115
831392690
656762417
1123197877
737270666
562596953
852798592
248614587
737918965
720160034
609201360
562612352
255055968
833224789
562582373
562612367
799561581
1123197689
624078585
562581914
624078645
688788616
737360870
833138544
624892102
1120754522
833227417
477271059
833218123
614294880
790429216
606673120
487292403
611014538
1236653962
562612075
719613391
606674063
1062281365
951283852
914859636
734170438
738150700
606670010
631756705
477228757
487295538
705119933
1185985435
562610249
1083211102
318879254
505130468
606673735
869843201
148426474
626842022
719683559
1120755152
631716920
688775380
681718877
703283386
606671466
306096500
957116427
944320365
606645685
719691876
166137847
649911579
152891059
1138650966
688781085
790427856
1083200888
818708704
555860632
890696204
843841004
981856816
964740518
901213845
562612184
1185984518
639629695
576024483
227287934
869842512
1086937368
1132952498
964489286
527734983
1068575098
813251773
1185983477
715811069
1271475319
153225056
881477832
643837002
1132952511
932323382
761150593
772645861
932357903
643553988
905928685
703307061
695138206
702565532
1018711708
625022240
1257457461
1028712111
1052220985
957117887
577233940
833210694
504809134
538127508
1120755881
1028712323
1132952538
266626639
551979106
758821608
499698659
1078574688
870458585
772994071
916114811
976461044
1068769627
1028709356
715810577
1028709363
911468997
943118938
976418961
1121282217
498924886
606984416
1137786320
528682972
241807554
851436733
162277447
202651142
348201789
227390464
624270802
598024724
1256357592
740736254
1028712137
1229146961
1054437262
980716114
1257065057
1168896556
773944754
1117724066
1028719185
907417825
1028709909
690727479
1068769630
833511808
807953338
778284433
982581636
1160141429
1098690001
1185983576
973936717
500451290
772922723
703281156
703306996
1159940580
1233411348
985830613
703284787
957117909
1277884031
560623270
1117607708
618571029
869416577
499688559
906932367
1028709159
982279665
1216805032
1275190405
643680163
1296148708
895328975
804479893
153450886
528631218
847656308
1165499648
984266752
501678647
980401153
697957256
1115533089
1242502142
1156002203
1225067210
1028709896
1183936696
1267431606
1269465454
1292208226
1081132582
1155397743
1215466138
1154463548
626870549
1148408868
1268170914
1072826973
514891141
1290201880
562611897
1185984015
1207830830
1236069661
1152335930
1124194918
1028708839
1274088784
1206930038
1205684712
1206037436
1155840062
1206039981
1309037152
1148969648
1213260398
1306318305
1218478487
715810333
1094421358
1222736615
1189941952
840890729
1254098214
1192544936
1028709077
1217262235
982616387
1084562264
1254802877
606672871
1206878332
1205620858
1052201440
1281390282
1140811645
1284825752
1028712186
770174011
284787577
1309991595
1270918344
1193218675
969576135
715809917
1274108986
1263667599
1313963569
1251226736
1301569515
1240972232
1236750338
1257673513
1282474044
770161350
1270218980
869450108
1137789687
1028708927
808188552
1224071355
1288584253
1010260502
729628854
1290189588
1285792548
1278979909
1285666725
1203889823
1041119916
1308750636
1301408602
1062715059
1160082660
1290572733
528631830
1242066072
1304261684
1286141539
1285974114
1290743545
803336451
1270646912
1273129934
977779572
1286538713
1296724199
1162448879
1081132595
1239603560
1285728234
1288283674
904303351
1275593924
1139154611
1160386183
1273307647
898909354
964715975
1220714300
1273297290
1274847352
1250969363
1275935275
1274452297
1242165028
1300478353
813515294
1280463288
982660641
488118511
372119973
391363397
426007237
488102778
285094240
321779278
488102785
488161509
799556542
536879686
348125369
318879917
482295724
322605251
750299183
525998635
833140886
770173917
643185060
482807957
488119117
235790766
236880876
236881204
943473785
944762236
268596862
226244289
935295164
279199986
625258358
988984779
263647870
800478100
318879178
770175341
907417921
906204361
907419668
907417726
907455921
859734902
859027849
834576675
169295211
504586927
859061832
820788723
1004403593
318880231
488435915
800469780
178194985
257650257
390483236
560587965
560481308
560304913
761137784
783827957
841321282
838358095
701573310
527739395
490763354
257618572
381856827
560622258
278327863
480550870
586561468
614294919
763428540
490817507
770179287
560620547
498281001
541636282
268592319
829088074
339528679
703279901
257958024
541774735
621461545
328475229
629376447
152347662
277002854
949990030
949989499
325067743
275316889
720742984
479711718
585285714
957701966
485258654
380044629
561147604
479537023
259953625
500451331
920429866
325056443
541649332
566658294
386376321
474103350
623902009
618151994
618203632
811902177
955352702
560979490
733996815
968241218
283134248
473593068
598025509
519307551
278251525
325056378